df =

  5×2 table

    Feature1    Feature2
    ________    ________

        7          8    
        1          8    
        9          4    
       10          7    
        7          2  